
## SPS
  s14prod45_178404911119                     2,318 1,558 1,490 1,441 1,464 1,462 1,443 1,431 1,479 1,432
  rs1entity15_178416708169                   3,484 1,842 1,633 1,567 1,591 1,504 1,502 1,448 1,513 1,469

## episode_length
  s14prod45_178404911119                     107.59 88.30 89.82 98.89 108.76 109.07 113.00 110.67 110.18 112.33
  rs1entity15_178416708169                   100.11 90.79 89.38 87.95 86.99 99.86 99.92 108.87 100.70 100.81

## p0_attack_selected_rate
  s14prod45_178404911119                     0.2309 0.2561 0.2511 0.2202 0.2113 0.2189 0.2134 0.2127 0.2090 0.2053
  rs1entity15_178416708169                   0.2288 0.2406 0.2436 0.2349 0.2704 0.2191 0.2087 0.1948 0.2098 0.2079

## p1_attack_selected_rate
  s14prod45_178404911119                     0.2321 0.2561 0.2522 0.2189 0.2096 0.2157 0.2133 0.2104 0.2085 0.2053
  rs1entity15_178416708169                   0.2281 0.2402 0.2429 0.2328 0.2662 0.2209 0.2064 0.1982 0.2107 0.2076

## p0_gate_portal_selected_rate
  s14prod45_178404911119                     0.0970 0.0565 0.0681 0.1065 0.1016 0.0858 0.0880 0.0885 0.0919 0.0982
  rs1entity15_178416708169                   0.1114 0.1157 0.1157 0.1220 0.0608 0.1181 0.1290 0.1272 0.1247 0.1263

## p1_gate_portal_selected_rate
  s14prod45_178404911119                     0.0970 0.0563 0.0684 0.1064 0.1020 0.0860 0.0881 0.0878 0.0921 0.0979
  rs1entity15_178416708169                   0.1125 0.1164 0.1156 0.1227 0.0625 0.1181 0.1293 0.1280 0.1249 0.1257

## p0_activate_garden_or_leader_ability_selected_rate
  s14prod45_178404911119                     0.0445 0.0430 0.0461 0.0372 0.0464 0.0537 0.0633 0.0645 0.0655 0.0650
  rs1entity15_178416708169                   0.0357 0.0358 0.0380 0.0432 0.0571 0.0523 0.0451 0.0493 0.0481 0.0469

## p1_activate_garden_or_leader_ability_selected_rate
  s14prod45_178404911119                     0.0438 0.0430 0.0461 0.0370 0.0462 0.0535 0.0631 0.0658 0.0646 0.0645
  rs1entity15_178416708169                   0.0362 0.0356 0.0378 0.0437 0.0586 0.0506 0.0448 0.0471 0.0472 0.0472

## p0_entity_damage_dealt
  s14prod45_178404911119                     (absent)
  rs1entity15_178416708169                   3.9499 2.2703 2.4946 4.0232 2.2947 5.1513 6.6968 8.7218 7.5992 7.4396

## p1_entity_damage_dealt
  s14prod45_178404911119                     (absent)
  rs1entity15_178416708169                   3.8676 2.2099 2.4687 4.0206 2.3107 5.2552 6.7271 8.8405 7.5418 7.5206

## p0_generated_ikz_conversion_rate
  s14prod45_178404911119                     (absent)
  rs1entity15_178416708169                   0.0000 0.0000 0.0000 0.0000 0.0000 0.0000 0.0000 0.0000 0.0000 0.0000

## p1_generated_ikz_conversion_rate
  s14prod45_178404911119                     (absent)
  rs1entity15_178416708169                   0.0000 0.0000 0.0000 0.0000 0.0000 0.0000 0.0000 0.0000 0.0000 0.0000

## p0_temporary_charge_realized
  s14prod45_178404911119                     (absent)
  rs1entity15_178416708169                   0.0000 0.0000 0.0000 0.0000 0.0000 0.0000 0.0000 0.0000 0.0000 0.0000

## p1_temporary_charge_realized
  s14prod45_178404911119                     (absent)
  rs1entity15_178416708169                   0.0000 0.0000 0.0000 0.0000 0.0000 0.0000 0.0000 0.0000 0.0000 0.0000

## p0_temporary_attack_damage_realized
  s14prod45_178404911119                     (absent)
  rs1entity15_178416708169                   0.0000 0.0000 0.0000 0.0000 0.0000 0.0000 0.0000 0.0000 0.0000 0.0000

## p1_temporary_attack_damage_realized
  s14prod45_178404911119                     (absent)
  rs1entity15_178416708169                   0.0000 0.0000 0.0000 0.0000 0.0000 0.0000 0.0000 0.0000 0.0000 0.0000

## p0_contextual_response_reserve_opportunities
  s14prod45_178404911119                     (absent)
  rs1entity15_178416708169                   0.0000 0.0000 0.0000 0.0000 0.0000 0.0000 0.0000 0.0000 0.0000 0.0000

## p1_contextual_response_reserve_opportunities
  s14prod45_178404911119                     (absent)
  rs1entity15_178416708169                   0.0000 0.0000 0.0000 0.0000 0.0000 0.0000 0.0000 0.0000 0.0000 0.0000

## final values
  run                                                   SPS episode_length p0_attack_sele p1_attack_sele p0_gate_portal p1_gate_portal p0_activate_ga p1_activate_ga p0_entity_dama p1_entity_dama p0_generated_i p1_generated_i p0_temporary_c p1_temporary_c p0_temporary_a p1_temporary_a p0_contextual_ p1_contextual_
  s14prod45_178404911119                              1,125          95.80         0.2126         0.2290         0.0831         0.0523         0.0684         0.0539              -              -              -              -              -              -              -              -              -              -
  rs1entity15_178416708169                            1,520         108.80         0.2010         0.1880         0.1255         0.1206         0.0513         0.0541         7.4219         6.0938         0.0000         0.0000         0.0000         0.0000         0.0000         0.0000         0.0000         0.0000
