
## SPS
  s14prod45_178404911119                     2,318 1,558 1,490 1,441 1,464 1,462 1,443 1,431 1,479 1,432
  rs4reserve15_178419523079                  3,524 1,868 1,717 1,659 1,566 1,547 1,493 1,484 1,465 1,510

## episode_length
  s14prod45_178404911119                     107.59 88.30 89.82 98.89 108.76 109.07 113.00 110.67 110.18 112.33
  rs4reserve15_178419523079                  111.46 100.28 95.68 86.65 83.76 80.17 98.70 96.80 90.90 90.02

## p0_attack_selected_rate
  s14prod45_178404911119                     0.2309 0.2561 0.2511 0.2202 0.2113 0.2189 0.2134 0.2127 0.2090 0.2053
  rs4reserve15_178419523079                  0.2241 0.2292 0.2359 0.2438 0.2524 0.2646 0.2335 0.2360 0.2494 0.2468

## p1_attack_selected_rate
  s14prod45_178404911119                     0.2321 0.2561 0.2522 0.2189 0.2096 0.2157 0.2133 0.2104 0.2085 0.2053
  rs4reserve15_178419523079                  0.2248 0.2269 0.2370 0.2445 0.2491 0.2684 0.2328 0.2358 0.2485 0.2486

## p0_gate_portal_selected_rate
  s14prod45_178404911119                     0.0970 0.0565 0.0681 0.1065 0.1016 0.0858 0.0880 0.0885 0.0919 0.0982
  rs4reserve15_178419523079                  0.0996 0.0931 0.1115 0.1279 0.1329 0.1209 0.1178 0.1038 0.1012 0.1053

## p1_gate_portal_selected_rate
  s14prod45_178404911119                     0.0970 0.0563 0.0684 0.1064 0.1020 0.0860 0.0881 0.0878 0.0921 0.0979
  rs4reserve15_178419523079                  0.0996 0.0924 0.1128 0.1272 0.1325 0.1220 0.1168 0.1027 0.1012 0.1054

## p0_activate_garden_or_leader_ability_selected_rate
  s14prod45_178404911119                     0.0445 0.0430 0.0461 0.0372 0.0464 0.0537 0.0633 0.0645 0.0655 0.0650
  rs4reserve15_178419523079                  0.0387 0.0343 0.0312 0.0342 0.0333 0.0458 0.0487 0.0478 0.0472 0.0464

## p1_activate_garden_or_leader_ability_selected_rate
  s14prod45_178404911119                     0.0438 0.0430 0.0461 0.0370 0.0462 0.0535 0.0631 0.0658 0.0646 0.0645
  rs4reserve15_178419523079                  0.0391 0.0347 0.0303 0.0328 0.0356 0.0428 0.0488 0.0475 0.0471 0.0465

## p0_entity_damage_dealt
  s14prod45_178404911119                     (absent)
  rs4reserve15_178419523079                  0.0000 0.0000 0.0000 0.0000 0.0000 0.0000 0.0000 0.0000 0.0000 0.0000

## p1_entity_damage_dealt
  s14prod45_178404911119                     (absent)
  rs4reserve15_178419523079                  0.0000 0.0000 0.0000 0.0000 0.0000 0.0000 0.0000 0.0000 0.0000 0.0000

## p0_generated_ikz_conversion_rate
  s14prod45_178404911119                     (absent)
  rs4reserve15_178419523079                  0.0000 0.0000 0.0000 0.0000 0.0000 0.0000 0.0000 0.0000 0.0000 0.0000

## p1_generated_ikz_conversion_rate
  s14prod45_178404911119                     (absent)
  rs4reserve15_178419523079                  0.0000 0.0000 0.0000 0.0000 0.0000 0.0000 0.0000 0.0000 0.0000 0.0000

## p0_temporary_charge_realized
  s14prod45_178404911119                     (absent)
  rs4reserve15_178419523079                  0.0000 0.0000 0.0000 0.0000 0.0000 0.0000 0.0000 0.0000 0.0000 0.0000

## p1_temporary_charge_realized
  s14prod45_178404911119                     (absent)
  rs4reserve15_178419523079                  0.0000 0.0000 0.0000 0.0000 0.0000 0.0000 0.0000 0.0000 0.0000 0.0000

## p0_temporary_attack_damage_realized
  s14prod45_178404911119                     (absent)
  rs4reserve15_178419523079                  0.0000 0.0000 0.0000 0.0000 0.0000 0.0000 0.0000 0.0000 0.0000 0.0000

## p1_temporary_attack_damage_realized
  s14prod45_178404911119                     (absent)
  rs4reserve15_178419523079                  0.0000 0.0000 0.0000 0.0000 0.0000 0.0000 0.0000 0.0000 0.0000 0.0000

## p0_contextual_response_reserve_opportunities
  s14prod45_178404911119                     (absent)
  rs4reserve15_178419523079                  0.8086 0.5878 0.4178 0.3806 0.3934 0.4224 0.5603 0.4074 0.3832 0.3643

## p1_contextual_response_reserve_opportunities
  s14prod45_178404911119                     (absent)
  rs4reserve15_178419523079                  0.7816 0.5696 0.4112 0.3802 0.3614 0.4023 0.5345 0.4427 0.3539 0.3533

## final values
  run                                                   SPS episode_length p0_attack_sele p1_attack_sele p0_gate_portal p1_gate_portal p0_activate_ga p1_activate_ga p0_entity_dama p1_entity_dama p0_generated_i p1_generated_i p0_temporary_c p1_temporary_c p0_temporary_a p1_temporary_a p0_contextual_ p1_contextual_
  s14prod45_178404911119                              1,125          95.80         0.2126         0.2290         0.0831         0.0523         0.0684         0.0539              -              -              -              -              -              -              -              -              -              -
  rs4reserve15_178419523079                           1,226          83.41         0.2783         0.2375         0.1084         0.1046         0.0287         0.0523         0.0000         0.0000         0.0000         0.0000         0.0000         0.0000         0.0000         0.0000         0.0517         0.1897
