
## SPS
  s14prod45_178404911119                     2,318 1,558 1,490 1,441 1,464 1,462 1,443 1,431 1,479 1,432
  rs3tempreal15_178418553588                 3,479 1,882 1,620 1,608 1,526 1,496 1,495 1,452 1,472 1,505

## episode_length
  s14prod45_178404911119                     107.59 88.30 89.82 98.89 108.76 109.07 113.00 110.67 110.18 112.33
  rs3tempreal15_178418553588                 100.74 101.74 100.69 105.47 95.71 80.45 92.58 99.03 90.64 93.07

## p0_attack_selected_rate
  s14prod45_178404911119                     0.2309 0.2561 0.2511 0.2202 0.2113 0.2189 0.2134 0.2127 0.2090 0.2053
  rs3tempreal15_178418553588                 0.2365 0.2384 0.2343 0.2237 0.2437 0.2807 0.2479 0.2026 0.2296 0.2211

## p1_attack_selected_rate
  s14prod45_178404911119                     0.2321 0.2561 0.2522 0.2189 0.2096 0.2157 0.2133 0.2104 0.2085 0.2053
  rs3tempreal15_178418553588                 0.2387 0.2404 0.2342 0.2245 0.2437 0.2783 0.2466 0.2014 0.2276 0.2216

## p0_gate_portal_selected_rate
  s14prod45_178404911119                     0.0970 0.0565 0.0681 0.1065 0.1016 0.0858 0.0880 0.0885 0.0919 0.0982
  rs3tempreal15_178418553588                 0.1109 0.1095 0.1021 0.0993 0.0962 0.0363 0.0982 0.1207 0.1076 0.1152

## p1_gate_portal_selected_rate
  s14prod45_178404911119                     0.0970 0.0563 0.0684 0.1064 0.1020 0.0860 0.0881 0.0878 0.0921 0.0979
  rs3tempreal15_178418553588                 0.1105 0.1091 0.1002 0.0998 0.0965 0.0366 0.0986 0.1207 0.1072 0.1149

## p0_activate_garden_or_leader_ability_selected_rate
  s14prod45_178404911119                     0.0445 0.0430 0.0461 0.0372 0.0464 0.0537 0.0633 0.0645 0.0655 0.0650
  rs3tempreal15_178418553588                 0.0391 0.0399 0.0411 0.0431 0.0386 0.0445 0.0456 0.0487 0.0459 0.0441

## p1_activate_garden_or_leader_ability_selected_rate
  s14prod45_178404911119                     0.0438 0.0430 0.0461 0.0370 0.0462 0.0535 0.0631 0.0658 0.0646 0.0645
  rs3tempreal15_178418553588                 0.0396 0.0382 0.0418 0.0423 0.0378 0.0451 0.0458 0.0486 0.0446 0.0442

## p0_entity_damage_dealt
  s14prod45_178404911119                     (absent)
  rs3tempreal15_178418553588                 0.0000 0.0000 0.0000 0.0000 0.0000 0.0000 0.0000 0.0000 0.0000 0.0000

## p1_entity_damage_dealt
  s14prod45_178404911119                     (absent)
  rs3tempreal15_178418553588                 0.0000 0.0000 0.0000 0.0000 0.0000 0.0000 0.0000 0.0000 0.0000 0.0000

## p0_generated_ikz_conversion_rate
  s14prod45_178404911119                     (absent)
  rs3tempreal15_178418553588                 0.0000 0.0000 0.0000 0.0000 0.0000 0.0000 0.0000 0.0000 0.0000 0.0000

## p1_generated_ikz_conversion_rate
  s14prod45_178404911119                     (absent)
  rs3tempreal15_178418553588                 0.0000 0.0000 0.0000 0.0000 0.0000 0.0000 0.0000 0.0000 0.0000 0.0000

## p0_temporary_charge_realized
  s14prod45_178404911119                     (absent)
  rs3tempreal15_178418553588                 0.0575 0.0536 0.0451 0.0657 0.0476 0.0387 0.0385 0.0667 0.0437 0.0530

## p1_temporary_charge_realized
  s14prod45_178404911119                     (absent)
  rs3tempreal15_178418553588                 0.0581 0.0514 0.0480 0.0626 0.0452 0.0300 0.0392 0.0672 0.0552 0.0544

## p0_temporary_attack_damage_realized
  s14prod45_178404911119                     (absent)
  rs3tempreal15_178418553588                 0.3629 0.4088 0.4991 0.5581 0.4753 0.6949 0.7432 0.8064 0.7726 0.7443

## p1_temporary_attack_damage_realized
  s14prod45_178404911119                     (absent)
  rs3tempreal15_178418553588                 0.3899 0.4267 0.5512 0.5643 0.5073 0.7061 0.7234 0.7742 0.7249 0.7726

## p0_contextual_response_reserve_opportunities
  s14prod45_178404911119                     (absent)
  rs3tempreal15_178418553588                 0.0000 0.0000 0.0000 0.0000 0.0000 0.0000 0.0000 0.0000 0.0000 0.0000

## p1_contextual_response_reserve_opportunities
  s14prod45_178404911119                     (absent)
  rs3tempreal15_178418553588                 0.0000 0.0000 0.0000 0.0000 0.0000 0.0000 0.0000 0.0000 0.0000 0.0000

## final values
  run                                                   SPS episode_length p0_attack_sele p1_attack_sele p0_gate_portal p1_gate_portal p0_activate_ga p1_activate_ga p0_entity_dama p1_entity_dama p0_generated_i p1_generated_i p0_temporary_c p1_temporary_c p0_temporary_a p1_temporary_a p0_contextual_ p1_contextual_
  s14prod45_178404911119                              1,125          95.80         0.2126         0.2290         0.0831         0.0523         0.0684         0.0539              -              -              -              -              -              -              -              -              -              -
  rs3tempreal15_178418553588                          1,619          94.27         0.2105         0.1965         0.1145         0.1234         0.0413         0.0363         0.0000         0.0000         0.0000         0.0000         0.0303         0.0000         1.1212         0.2727         0.0000         0.0000
