
## SPS
  s14prod45_178404911119                     2,318 1,558 1,490 1,441 1,464 1,462 1,443 1,431 1,479 1,432
  rs2ikzconv15_178417646702                  3,609 1,864 1,619 1,571 1,566 1,476 1,515 1,529 1,459 1,495

## episode_length
  s14prod45_178404911119                     107.59 88.30 89.82 98.89 108.76 109.07 113.00 110.67 110.18 112.33
  rs2ikzconv15_178417646702                  98.55 107.06 94.91 87.34 88.43 93.46 93.14 88.57 89.21 93.26

## p0_attack_selected_rate
  s14prod45_178404911119                     0.2309 0.2561 0.2511 0.2202 0.2113 0.2189 0.2134 0.2127 0.2090 0.2053
  rs2ikzconv15_178417646702                  0.2367 0.2370 0.2558 0.2561 0.2499 0.2356 0.2412 0.2540 0.2348 0.2185

## p1_attack_selected_rate
  s14prod45_178404911119                     0.2321 0.2561 0.2522 0.2189 0.2096 0.2157 0.2133 0.2104 0.2085 0.2053
  rs2ikzconv15_178417646702                  0.2385 0.2408 0.2559 0.2545 0.2505 0.2375 0.2386 0.2546 0.2369 0.2178

## p0_gate_portal_selected_rate
  s14prod45_178404911119                     0.0970 0.0565 0.0681 0.1065 0.1016 0.0858 0.0880 0.0885 0.0919 0.0982
  rs2ikzconv15_178417646702                  0.1145 0.1108 0.0998 0.1065 0.1061 0.1152 0.1203 0.1143 0.1245 0.1275

## p1_gate_portal_selected_rate
  s14prod45_178404911119                     0.0970 0.0563 0.0684 0.1064 0.1020 0.0860 0.0881 0.0878 0.0921 0.0979
  rs2ikzconv15_178417646702                  0.1145 0.1118 0.1005 0.1065 0.1064 0.1154 0.1200 0.1142 0.1247 0.1278

## p0_activate_garden_or_leader_ability_selected_rate
  s14prod45_178404911119                     0.0445 0.0430 0.0461 0.0372 0.0464 0.0537 0.0633 0.0645 0.0655 0.0650
  rs2ikzconv15_178417646702                  0.0368 0.0432 0.0358 0.0358 0.0384 0.0429 0.0390 0.0401 0.0419 0.0410

## p1_activate_garden_or_leader_ability_selected_rate
  s14prod45_178404911119                     0.0438 0.0430 0.0461 0.0370 0.0462 0.0535 0.0631 0.0658 0.0646 0.0645
  rs2ikzconv15_178417646702                  0.0363 0.0418 0.0363 0.0358 0.0377 0.0424 0.0400 0.0408 0.0408 0.0409

## p0_entity_damage_dealt
  s14prod45_178404911119                     (absent)
  rs2ikzconv15_178417646702                  0.0000 0.0000 0.0000 0.0000 0.0000 0.0000 0.0000 0.0000 0.0000 0.0000

## p1_entity_damage_dealt
  s14prod45_178404911119                     (absent)
  rs2ikzconv15_178417646702                  0.0000 0.0000 0.0000 0.0000 0.0000 0.0000 0.0000 0.0000 0.0000 0.0000

## p0_generated_ikz_conversion_rate
  s14prod45_178404911119                     (absent)
  rs2ikzconv15_178417646702                  0.1554 0.1594 0.1674 0.1508 0.1520 0.1695 0.1581 0.1527 0.1544 0.1454

## p1_generated_ikz_conversion_rate
  s14prod45_178404911119                     (absent)
  rs2ikzconv15_178417646702                  0.1444 0.1512 0.1539 0.1417 0.1505 0.1348 0.1437 0.1346 0.1408 0.1380

## p0_temporary_charge_realized
  s14prod45_178404911119                     (absent)
  rs2ikzconv15_178417646702                  0.0000 0.0000 0.0000 0.0000 0.0000 0.0000 0.0000 0.0000 0.0000 0.0000

## p1_temporary_charge_realized
  s14prod45_178404911119                     (absent)
  rs2ikzconv15_178417646702                  0.0000 0.0000 0.0000 0.0000 0.0000 0.0000 0.0000 0.0000 0.0000 0.0000

## p0_temporary_attack_damage_realized
  s14prod45_178404911119                     (absent)
  rs2ikzconv15_178417646702                  0.0000 0.0000 0.0000 0.0000 0.0000 0.0000 0.0000 0.0000 0.0000 0.0000

## p1_temporary_attack_damage_realized
  s14prod45_178404911119                     (absent)
  rs2ikzconv15_178417646702                  0.0000 0.0000 0.0000 0.0000 0.0000 0.0000 0.0000 0.0000 0.0000 0.0000

## p0_contextual_response_reserve_opportunities
  s14prod45_178404911119                     (absent)
  rs2ikzconv15_178417646702                  0.0000 0.0000 0.0000 0.0000 0.0000 0.0000 0.0000 0.0000 0.0000 0.0000

## p1_contextual_response_reserve_opportunities
  s14prod45_178404911119                     (absent)
  rs2ikzconv15_178417646702                  0.0000 0.0000 0.0000 0.0000 0.0000 0.0000 0.0000 0.0000 0.0000 0.0000

## final values
  run                                                   SPS episode_length p0_attack_sele p1_attack_sele p0_gate_portal p1_gate_portal p0_activate_ga p1_activate_ga p0_entity_dama p1_entity_dama p0_generated_i p1_generated_i p0_temporary_c p1_temporary_c p0_temporary_a p1_temporary_a p0_contextual_ p1_contextual_
  s14prod45_178404911119                              1,125          95.80         0.2126         0.2290         0.0831         0.0523         0.0684         0.0539              -              -              -              -              -              -              -              -              -              -
  rs2ikzconv15_178417646702                           1,236          92.28         0.2233         0.2266         0.1336         0.1325         0.0376         0.0419         0.0000         0.0000         0.0763         0.1254         0.0000         0.0000         0.0000         0.0000         0.0000         0.0000
